15.774852
15.797810
15.835086
15.826001
15.833760
